#Soln. 1

--- Results for step size h = 0.1 ---
      x   RK4 y  Analytical y   Error
0.00000 1.00000       1.00000 0.00000
0.10000 1.12305       1.12305 0.00000
0.20000 1.30850       1.30850 0.00000
0.30000 1.59575       1.59577 0.00001
0.40000 2.06490       2.06496 0.00006
0.50000 2.90782       2.90822 0.00040
0.60000 4.72790       4.73186 0.00396

--- Results for step size h = 0.25 ---
      x   RK4 y  Analytical y   Error
0.00000 1.00000       1.00000 0.00000
0.25000 1.43556       1.43580 0.00024
0.50000 2.89723       2.90822 0.01100

--- Results for step size h = 0.45 ---
      x   RK4 y  Analytical y   Error
0.00000 1.00000       1.00000 0.00000
0.45000 2.38906       2.41888 0.02982



#Soln.2

--- Sample Results (every 20th point) ---
       t        x        v       E
 0.00000  1.00000  0.00000 0.50000
 0.20000  0.98026 -0.19572 0.49961
 0.40000  0.92261 -0.37797 0.49704
 0.60000  0.83043 -0.53998 0.49060
 0.80000  0.70835 -0.67600 0.47937
 1.00000  0.56207 -0.78146 0.46330
 1.20000  0.39803 -0.85310 0.44310
 1.40000  0.22321 -0.88912 0.42018
 1.60000  0.04478 -0.88915 0.39630
 1.80000 -0.13012 -0.85427 0.37335
 2.00000 -0.29475 -0.78686 0.35301
 2.20000 -0.44294 -0.69054 0.33652
 2.40000 -0.56935 -0.56995 0.32450
 2.60000 -0.66966 -0.43054 0.31690
 2.80000 -0.74071 -0.27833 0.31306
 3.00000 -0.78057 -0.11970 0.31181
 3.20000 -0.78859  0.03895 0.31170
 3.40000 -0.76540  0.19138 0.31123
 3.60000 -0.71284  0.33179 0.30911
 3.80000 -0.63384  0.45502 0.30439
 4.00000 -0.53227  0.55673 0.29663
 4.20000 -0.41280  0.63357 0.28591
 4.40000 -0.28065  0.68326 0.27281
 4.60000 -0.14139  0.70465 0.25826
 4.80000 -0.00068  0.69773 0.24341
 5.00000  0.13589  0.66361 0.22942
 5.20000  0.26309  0.60443 0.21728
 5.40000  0.37619  0.52327 0.20767
 5.60000  0.47118  0.42395 0.20087
 5.80000  0.54486  0.31092 0.19677
 6.00000  0.59496  0.18902 0.19485
 6.20000  0.62021  0.06329 0.19433
 6.40000  0.62036 -0.06120 0.19429
 6.60000  0.59613 -0.17961 0.19382
 6.80000  0.54922 -0.28747 0.19214
 7.00000  0.48211 -0.38085 0.18874
 7.20000  0.39806 -0.45651 0.18343
 7.40000  0.30086 -0.51201 0.17633
 7.60000  0.19471 -0.54575 0.16788
 7.80000  0.08405 -0.55707 0.15870
 8.00000 -0.02664 -0.54617 0.14951
 8.20000 -0.13301 -0.51414 0.14102
 8.40000 -0.23101 -0.46287 0.13381
 8.60000 -0.31704 -0.39493 0.12824
 8.80000 -0.38808 -0.31349 0.12444
 9.00000 -0.44178 -0.22215 0.12226
 9.20000 -0.47654 -0.12478 0.12133
 9.40000 -0.49156 -0.02538 0.12114
 9.60000 -0.48682  0.07207 0.12110
 9.80000 -0.46311  0.16381 0.12065
10.00000 -0.42191  0.24641 0.11936
10.20000 -0.36536  0.31689 0.11695
10.40000 -0.29612  0.37284 0.11335
10.60000 -0.21731  0.41249 0.10869
10.80000 -0.13229  0.43477 0.10326
11.00000 -0.04458  0.43932 0.09749
11.20000  0.04228  0.42648 0.09183
11.40000  0.12491  0.39726 0.08671
11.60000  0.20020  0.35331 0.08246
11.80000  0.26540  0.29679 0.07926
12.00000  0.31825  0.23027 0.07715
12.20000  0.35704  0.15668 0.07601
12.40000  0.38065  0.07911 0.07558
12.60000  0.38862  0.00072 0.07551
12.80000  0.38110 -0.07537 0.07546
13.00000  0.35882 -0.14626 0.07507
13.20000  0.32312 -0.20931 0.07411
13.40000  0.27577 -0.26227 0.07242
13.60000  0.21900 -0.30337 0.07000
13.80000  0.15530 -0.33134 0.06695
14.00000  0.08739 -0.34547 0.06349
14.20000  0.01805 -0.34561 0.05989
14.40000 -0.04995 -0.33218 0.05642
14.60000 -0.11398 -0.30609 0.05334
14.80000 -0.17164 -0.26876 0.05084
15.00000 -0.22085 -0.22197 0.04902
15.20000 -0.25994 -0.16785 0.04787
15.40000 -0.28766 -0.10873 0.04728
15.60000 -0.30326 -0.04710 0.04709
15.80000 -0.30649  0.01457 0.04708
16.00000 -0.29759  0.07384 0.04701
16.20000 -0.27727  0.12846 0.04669
16.40000 -0.24665  0.17642 0.04598
16.60000 -0.20726  0.21603 0.04481
16.80000 -0.16088  0.24599 0.04320
17.00000 -0.10956  0.26540 0.04122
17.20000 -0.05546  0.27382 0.03903
17.40000 -0.00077  0.27123 0.03678
17.60000  0.05233  0.25806 0.03467
17.80000  0.10180  0.23515 0.03283
18.00000  0.14582  0.20368 0.03138
18.20000  0.18281  0.16515 0.03035
18.40000  0.21152  0.12126 0.02972
18.60000  0.23108  0.07391 0.02943
18.80000  0.24098  0.02505 0.02935
19.00000  0.24113 -0.02334 0.02934
19.20000  0.23180 -0.06939 0.02927
19.40000  0.21365 -0.11135 0.02902
19.60000  0.18764 -0.14770 0.02851
19.80000  0.15503 -0.17717 0.02771
20.00000  0.11729 -0.19882 0.02664
20.20000  0.07606 -0.21201 0.02537
20.40000  0.03307 -0.21649 0.02398
20.60000 -0.00996 -0.21233 0.02259
20.80000 -0.05132 -0.19996 0.02131
21.00000 -0.08944 -0.18010 0.02022
21.20000 -0.12292 -0.15375 0.01938
21.40000 -0.15059 -0.12215 0.01880
21.60000 -0.17153 -0.08668 0.01847
21.80000 -0.18510 -0.04885 0.01833
22.00000 -0.19101 -0.01022 0.01830
22.20000 -0.18924  0.02766 0.01829
22.40000 -0.18009  0.06334 0.01822
22.60000 -0.16414  0.09548 0.01803
22.80000 -0.14222  0.12292 0.01767
23.00000 -0.11535  0.14472 0.01712
23.20000 -0.08475  0.16019 0.01642
23.40000 -0.05173  0.16891 0.01560
23.60000 -0.01764  0.17075 0.01473
23.80000  0.01612  0.16582 0.01388
24.00000  0.04826  0.15452 0.01310
24.20000  0.07755  0.13749 0.01246
24.40000  0.10293  0.11556 0.01197
24.60000  0.12351  0.08974 0.01165
24.80000  0.13864  0.06117 0.01148
25.00000  0.14787  0.03103 0.01141
25.20000  0.15103  0.00056 0.01140
25.40000  0.14816 -0.02902 0.01140
25.60000  0.13955 -0.05660 0.01134
25.80000  0.12572 -0.08113 0.01119
26.00000  0.10736 -0.10175 0.01094
26.20000  0.08533 -0.11777 0.01058
26.40000  0.06059 -0.12869 0.01012
26.60000  0.03421 -0.13423 0.00959
26.80000  0.00726 -0.13434 0.00905
27.00000 -0.01917 -0.12916 0.00853
27.20000 -0.04407 -0.11907 0.00806
27.40000 -0.06651 -0.10460 0.00768
27.60000 -0.08567 -0.08645 0.00741
27.80000 -0.10090 -0.06544 0.00723
28.00000 -0.11171 -0.04248 0.00714
28.20000 -0.11782 -0.01853 0.00711
28.40000 -0.11912  0.00544 0.00711
28.60000 -0.11571  0.02849 0.00710
28.80000 -0.10785  0.04974 0.00705
29.00000 -0.09598  0.06840 0.00695
29.20000 -0.08070  0.08383 0.00677
29.40000 -0.06270  0.09551 0.00653
29.60000 -0.04277  0.10309 0.00623
29.80000 -0.02175  0.10640 0.00590
30.00000 -0.00050  0.10544 0.00556
30.20000  0.02015  0.10036 0.00524
30.40000  0.03939  0.09149 0.00496
30.60000  0.05652  0.07928 0.00474
30.80000  0.07092  0.06433 0.00458
31.00000  0.08211  0.04729 0.00449
31.20000  0.08975  0.02890 0.00444
31.40000  0.09363  0.00991 0.00443
31.60000  0.09373 -0.00890 0.00443
31.80000  0.09013 -0.02681 0.00442
32.00000  0.08311 -0.04313 0.00438
32.20000  0.07303 -0.05728 0.00431
32.40000  0.06038 -0.06876 0.00419
32.60000  0.04573 -0.07720 0.00403
32.80000  0.02971 -0.08236 0.00383
33.00000  0.01301 -0.08413 0.00362
33.20000 -0.00372 -0.08255 0.00341
33.40000 -0.01980 -0.07777 0.00322
33.60000 -0.03463 -0.07008 0.00305
33.80000 -0.04766 -0.05986 0.00293
34.00000 -0.05843 -0.04759 0.00284
34.20000 -0.06660 -0.03382 0.00279
34.40000 -0.07190 -0.01912 0.00277
34.60000 -0.07422 -0.00411 0.00276
34.80000 -0.07356  0.01062 0.00276
35.00000 -0.07004  0.02449 0.00275
35.20000 -0.06386  0.03700 0.00272
35.40000 -0.05536  0.04768 0.00267
35.60000 -0.04493  0.05617 0.00259
35.80000 -0.03305  0.06221 0.00248
36.00000 -0.02022  0.06563 0.00236
36.20000 -0.00698  0.06636 0.00223
36.40000  0.00615  0.06447 0.00210
36.60000  0.01864  0.06010 0.00198
36.80000  0.03004  0.05350 0.00188
37.00000  0.03992  0.04500 0.00181
37.20000  0.04793  0.03498 0.00176
37.40000  0.05383  0.02388 0.00173
37.60000  0.05745  0.01217 0.00172
37.80000  0.05869  0.00033 0.00172
38.00000  0.05760 -0.01118 0.00172
38.20000  0.05427 -0.02190 0.00171
38.40000  0.04892 -0.03145 0.00169
38.60000  0.04180 -0.03948 0.00165
38.80000  0.03325 -0.04572 0.00160
39.00000  0.02364 -0.04998 0.00153
39.20000  0.01339 -0.05216 0.00145
39.40000  0.00292 -0.05222 0.00137
39.60000 -0.00736 -0.05022 0.00129
39.80000 -0.01704 -0.04632 0.00122
40.00000 -0.02577 -0.04071 0.00116



